36238
24769
24997
36378
31262
57657
11870
21524
26447
58546
34815
32770
38867
58061
8402
60813
57072
8697
46020
29327
26709
20652
57453
62105
42123
10260
21232
51302
19644
33386
10207
5501
37487
7169
65146
53119
54247
32138
28626
4680
8515
62540
5940
13279
41532
43582
8860
54744
30308
53356
39016
7470
628
53788
27920
57419
8808
58075
59335
59609
23310
9579
8857
61112
43786
41380
4458
10449
56627
17352
1544
53856
26872
62795
11771
52511
49975
19778
52162
15786
5945
27219
43069
9429
24071
53566
21808
14740
44840
64958
46740
45334
541
2221
63658
59516
53567
63823
42057
39752
40414
10607
9270
13661
2085
30834
30096
64921
25712
51435
19663
4329
43209
39681
2221
4975
33130
13374
59165
59421
61290
8021
5546
54653
15089
23680
6602
4656
16100
6491
21882
31606
16682
30206
62670
3590
5284
49304
43149
56247
11011
45433
15485
35205
22795
56143
19484
42825
18891
34482
16921
22373
12592
8517
3261
3876
3604
57320
55089
43635
23627
3268
60417
30095
12760
5641
9259
10061
29739
62685
56882
27899
48348
5548
3490
40981
7557
63510
7276
27597
49604
13613
57215
38823
21011
13045
1706
19163
25449
15477
10249
64575
29618
64025
47235
55974
19267
57158
2104
58284
50436
21467
17070
39299
15116
29462
49685
30078
14668
47516
62091
56135
52471
63952
63734
39353
19071
15678
12359
33067
50953
45841
60117
29962
43458
35699
17241
46832
40824
17830
58652
13710
11213
59351
48236
2180
61737
15214
23196
13713
18429
11270
23291
35239
43172
63966
19343
1007
56816
1821
1062
46937
41753
39378
9176
29674
47878
14178
51090
12554
21073
353
52962
28841
34349
15349
65116
26069
47521
27359
33749
62127
19891
2253
18271
55365
49478
5195
47098
8189
61478
39785
33637
43370
28330
10959
47236
20917
65131
60131
64261
45621
2448
9740
43046
29801
33421
37479
34619
36968
38684
44894
32
64108
19461
49454
60673
45727
23851
57680
16297
25051
65381
28542
39796
40227
20877
9198
10208
8739
11442
37967
41812
22427
29176
10921
48571
44872
7384
7074
3552
12755
716
41208
20103
9006
56319
43420
45151
54299
39952
58108
57084
1954
17322
51956
14562
56842
48433
47033
49142
44529
27887
3919
30714
11412
22886
25273
32601
31544
48
44686
55937
16080
28625
35625
3756
37584
19741
50738
40372
5840
19387
26312
50284
21108
62186
61521
34596
25194
31355
20272
53305
9731
9730
61902
53588
44514
56813
26702
54597
21251
19879
33210
36102
57532
33677
18215
41390
32328
51521
47141
61057
19262
4498
38950
25780
55386
10822
34489
56673
6485
44192
40087
22769
3973
5393
47592
42155
5621
12783
63265
37626
24746
18432
25996
53320
18461
33536
42812
34839
25154
64946
19511
7193
6423
26937
17428
60411
28456
64589
50336
55355
24998
18689
32591
47013
59662
10497
56544
19773
62002
30007
47260
34518
58569
25695
65395
31332
59427
29985
62226
64711
13511
51476
10792
65322
26879
63529
52657
35838
12379
9260
56189
8345
10753
33794
14497
53379
2243
41715
14096
41546
33069
8978
33012
42688
63229
16396
34331
39425
39719
31288
62726
19671
4063
28256
9512
31813
55118
46666
54218
10044
5635
56816
9341
24437
14806
45799
29075
13519
13172
64441
23772
55834
23024
38252
32053
55767
7996
64297
32413
61592
12337
55354
6269
27788
54575
52450
44362
15725
45009
27537
1904
55580
45212
25535
36402
56989
9061
8876
37309
50759
27846
3668
19617
47626
56380
7399
53847
57110
18499
30826
64178
22979
57721
15393
6452
18747
19103
7471
57845
63643
62093
661
45961
56089
30198
36878
52041
22151
24254
25567
59157
22416
32846
1901
427
37780
59853
11767
11602
53507
35566
469
55269
40836
13288
45127
50064
22579
12284
45858
50517
49998
57730
12331
30047
18158
10517
9436
49719
26899
3523
35707
7877
51618
50102
39376
26661
36443
26774
8953
50218
50776
21152
53876
32708
15247
49048
51135
17909
58029
52631
17620
4305
62223
38762
61441
42551
13757
56083
14322
48624
18780
59689
59586
36604
9772
37342
63458
12811
48948
3593
4944
18439
4010
23204
1304
43285
34197
24924
32431
37649
36524
31719
13975
10871
2815
10112
22071
62943
48188
1283
17427
57238
4219
54911
45079
53697
14086
65282
4640
3358
35886
62296
16257
18500
37400
1163
26634
39426
52876
21820
20396
21814
42226
42033
27633
47987
13921
50747
13816
46659
17370
15056
24383
20780
16214
42793
6869
12482
6802
17875
39574
47569
56737
29364
37445
34432
48879
34709
46540
27474
59644
47611
65041
62118
37858
47651
7572
26496
53282
31511
7446
22525
49390
63267
5608
47430
60778
32870
31791
25129
21806
28069
19803
33600
39987
52625
46763
48051
43098
30988
45775
52374
40519
64918
38237
8935
12141
44663
13399
9559
30565
56147
9380
38886
17889
67
27438
28607
9361
27731
51973
5742
57243
43397
65032
38945
64484
7145
17200
20030
45832
11690
45104
51551
37107
45768
7559
38166
11772
23194
43317
47142
12553
19890
5772
56747
29522
58870
32279
62313
59854
37866
8383
55078
45667
61540
59956
50357
5144
1148
31189
30975
25814
29693
62319
3946
3061
20363
33887
10039
25178
25929
27202
51710
5690
22338
26671
19293
17736
6246
21452
8381
29467
41479
44327
46810
20044
20020
53489
3513
17570
48659
7488
25439
53373
10177
33577
13785
16123
21659
15331
11912
12956
8245
17576
10053
4083
28952
35324
65029
48471
6143
18128
43408
2605
53093
40775
20946
49591
28174
20285
44121
59340
55746
56014
43624
7734
7755
55511
34145
26548
24056
3483
20692
52240
56996
21406
39724
8080
59160
3080
65329
59851
15956
39739
19906
7231
6055
33596
40943
43797
56655
392
60198
53602
22059
51636
56021
45418
60391
63361
49531
26652
40037
41714
28356
37920
17684
29797
60699
46161
16305
6060
26510
51665
40961
47095
21749
63201
5972
38165
6006
47177
34749
59940
25599
6843
31677
32532
23589
27480
567
26494
29339
18886
14319
17040
7983
22081
4572
16192
32553
36327
44195
48668
12915
36516
34699
34035
51513
45499
4829
34988
41191
8980
60586
40132
7949
48071
505
14108
19629
35520
42907
38695
12636
11814
7018
17079
15217
44766
57041
1394
3465
44032
1216
39939
17012
47541
2371
28262
62145
50526
42653
18046
56267
43649
36117
44789
4780
28947
64946
37658
52903
43150
18321
